14
15
16
17
18
19
20
21
22
23
24
25
26
27
28
29
30
31
32
33
34
35
36
37
38
39
40
41
42
43
44
45
46
47
48
49
50
51
52
53
54 - 1
54 - 2
54 - 3
54 - 4
54 - 5
54 - 6
54 - 7
54 - 8
54 - 9
54 - 10
54 - 11
54 - 12
54 - 13
54 - 14
54 - 15
54 - 16
54 - 17
54 - 18
54 - 19
54 - 20
55 - 1
55 - 2
55 - 3
55 - 4
55 - 5
55 - 6
55 - 7
55 - 8
55 - 9
55 - 10
55 - 11
55 - 12
55 - 13
55 - 14
55 - 15
55 - 16
55 - 17
55 - 18
55 - 19
55 - 20
56 - 1
56 - 2
56 - 3
56 - 4
56 - 5
56 - 6
56 - 7
56 - 8
56 - 9
56 - 10
56 - 11
56 - 12
56 - 13
56 - 14
56 - 15
56 - 16
56 - 17
56 - 18
56 - 19
56 - 20
57 - 1
57 - 2
57 - 3
57 - 4
57 - 5
57 - 6
57 - 7
57 - 8
57 - 9
57 - 10
57 - 11
57 - 12
57 - 13
57 - 14
57 - 15
57 - 16
57 - 17
57 - 18
57 - 19
57 - 20
58 - 1
58 - 2
58 - 3
58 - 4
58 - 5
58 - 6
58 - 7
58 - 8
58 - 9
58 - 10
58 - 11
58 - 12
58 - 13
58 - 14
58 - 15
58 - 16
58 - 17
58 - 18
58 - 19
58 - 20
59 - 1
59 - 2
59 - 3
59 - 4
59 - 5
59 - 6
59 - 7
59 - 8
59 - 9
59 - 10
59 - 11
59 - 12
59 - 13
59 - 14
59 - 15
59 - 16
59 - 17
59 - 18
59 - 19
59 - 20
